-1.243236367467283344e+03
-8.772726285073758845e+02
3.329429507202200512e+03
-1.977741047867931456e+03
-4.955497976290280349e+02
7.249745321563702419e+03
-9.168554592466684880e+02
2.848974366523452773e+03
5.271882134613596463e+03
-1.719347639153951604e+03
3.248216557334640129e+03
2.869828752251239621e+03
7.049549745836827242e+03
-1.160068146453632380e+03
6.608670449289379576e+03
1.508714033265107446e+02
4.057805604564217901e+03
-1.794667035612253130e+03
1.263885771636475511e+03
4.191218588726862436e+03
2.512382163048032453e+02
7.022235370305679680e+01
2.452587626539709163e+03
2.611312260558880098e+03
-5.477679322618253082e+02
4.055094209477065306e+02
-7.943476525672774642e+02
3.447760771525926430e+03
4.219367386766331038e+03
-1.723714620140699253e+03
3.963022191097042196e+03
5.607391202149075980e+03
4.835412355380272857e+03
-9.468348465099633131e+02
1.100189094040630152e+04
4.903982936716394761e+03
2.128646131580389010e+03
-1.678401550305799219e+03
-1.733138146318259942e+03
-5.816284095357584647e+02
-2.117367654150808448e+03
2.045016292008318260e+03
7.951535936249068982e+03
-2.339779280072865276e+03
1.810405732508212168e+03
-4.371408231968134714e+02
3.084880873343704025e+03
-1.652807854220554418e+03
1.824144017187587224e+03
4.939844452303779690e+03
-1.488431894287647310e+03
-1.273334739201645334e+03
-2.559732100332938444e+03
2.230351720359122737e+03
1.845725140276717639e+03
4.139414915075337376e+03
4.165031657798361266e+03
2.049723862439827826e+03
-9.270410322373334111e+02
-1.325808090875810194e+03
1.892226443279970681e+03
1.796691321588637493e+03
-8.592285638558817027e+02
1.928083550390509572e+03
-2.403841308049996769e+03
1.787183041651669100e+03
-2.035581871692718323e+03
3.215069873666609510e+02
1.849808114633641253e+03
1.838393554870279559e+03
1.767041130373721671e+03
-2.196945109829188368e+03
-8.320303253166662216e+02
-1.747622666131262577e+02
1.924194761448464760e+03
-9.743364794118479040e+02
1.809689703775298995e+03
5.967179367041121623e+02
1.496647237957690777e+02
-3.166187511847231235e+02
-1.192524817601685072e+03
6.369740954116647117e+03
-3.621608967706724798e+02
1.854649438473436476e+03
2.010080428417967596e+03
4.091898303131933517e+03
4.008290979191699535e+02
-2.070923229866638394e+03
-2.318180441066003368e+03
-9.432568286292328139e+02
3.046995418783161767e+03
3.494958361483879344e+03
-1.161973442582382631e+03
-8.532923695834142563e+01
2.019454008860839849e+03
-7.740243253526839453e+02
1.764300167022391861e+03
-1.082081699061660174e+03
1.275666016651746213e+04
-1.773237244651658784e+03
-2.021523195956668815e+03
-2.011763890071226797e+03
2.759353046503169026e+03
5.080883646324817164e+03
-1.586719512712283404e+03
3.192910870137729034e+03
2.431726399044875961e+02
4.933451622000566203e+02
1.779218961492071003e+03
3.962622897858742363e+03
1.623107686388367938e+03
-8.593099924686575832e+02
5.691918156890381397e+03
-1.554466583297218222e+03
3.393305229531626992e+02
1.902535827604625638e+03
-1.944340021846596073e+03
2.662529696062933908e+03
-1.696111466471516223e+03
-1.866959628035408514e+02
1.918594859372019528e+03
1.104848867652674016e+04
1.902535827604625638e+03
2.816288669261053201e+03
3.882464913198680279e+03
-1.018600450129478304e+03
3.111485255131935446e+03
4.751359470584793598e+02
9.127404487000392692e+03
-1.477918012683969437e+03
5.049538845299345667e+03
-2.213482842580216129e+03
5.755947797364166036e+03
-1.277520583496802828e+03
-1.380080460301268204e+03
-7.227840430929225022e+02
-1.009066599671299628e+03
5.278717488077067173e+03
1.802478091824677449e+03
3.175023417200852236e+03
2.721451972861434569e+03
1.287395385572972828e+03
3.572788780590467013e+03
-1.721152035361041044e+03
-1.087896575107677108e+03
3.836655343374853146e+03
2.723355325884058402e+03
-5.061117186123738065e+02
8.268796623254684164e+03
-1.190102481528121871e+03
1.471784277853935009e+03
4.671201128732603138e+03
1.138317721938096838e+03
8.901834437558156424e+03
-1.408448137863440479e+02
3.313432385861938201e+03
-1.568635879693049446e+03
-1.261122560854130597e+03
-4.209702748386705480e+02
-1.209863154478707656e+03
1.529516480817665069e+04
-3.317059321738588551e+01
-7.870017728495995470e+02
2.211401731195373031e+03
-2.426160783195168733e+03
-1.360384014069632713e+03
2.520835507587084976e+03
-1.349685232017883664e+03
-1.013162160731642189e+03
-2.893153712747912323e+02
9.717660449206978228e+02
-8.012217096836575365e+02
-2.392226033407378054e+03
3.571602268991333403e+03
4.512294625743405959e+03
2.169379319216913245e+03
1.030424224055329432e+03
-1.921955328266852121e+03
7.490443302725484500e+02
2.697068128117849483e+03
-1.585939530180321071e+03
-2.081966289645968118e+03
-2.073932305706335228e+03
-5.637879032170612845e+02
-9.689382777348105265e+02
-1.364140721447819715e+03
2.335712542501823009e+03
1.806531851460910048e+03
-1.005116058314936254e+03
-2.394238692292664837e+03
1.660173847402260662e+03
-1.605790210734755419e+03
-1.710993854844701218e+03
8.353039780140908988e+03
2.092368414792124895e+03
-1.616552235439813103e+03
2.646308773925176865e+03
2.500475124718536335e+03
-1.755275062498647912e+03
1.998899996390697879e+03
1.775966646224429496e+03
-1.776000267774374606e+03
1.979047304584223866e+03
2.641972048792710666e+03
2.057033194448496943e+03
5.599321858937569232e+02
4.038750316696307891e+03
1.628067224992929368e+03
1.295902422399381976e+03
-1.441764353616512608e+03
4.356215019099202436e+03
1.155303389418188090e+03
-6.559180561242426393e+02
-1.037577366950233682e+02
-2.005669397702907645e+03
-2.211095776725651831e+03
3.961304083557010472e+03
-6.341649995459881666e+02
2.820928158620832619e+03
2.743762984529505502e+03
2.060184853609783204e+03
1.451807722215665308e+03
2.466225189817580485e+03
1.755877562802613966e+03
-1.492355106023441749e+03
-1.629158550390792470e+03
-7.533693762487921504e+02
-1.914140669133857955e+02
2.995752023668294896e+03
1.855164436132657102e+03
3.132908185646900165e+03
-1.092567720999616995e+03
4.268023649729946101e+02
2.959056648961154679e+03
-1.212160001206146035e+03
9.380063660478754173e+01
-3.296555349977418246e+02
-1.075062662106172411e+03
1.987300611025406624e+03
-1.188181565076308516e+03
-1.399224415531632303e+03
2.650803941789686633e+03
3.093064412385057040e+03
-2.398428206904956369e+03
-2.189443668007198994e+03
2.088417516353358678e+02
-9.690896291777646638e+02
-1.732764436867560107e+03
2.237480902540251009e+03
4.139159024778757157e+03
